0 13.4505
1 13.2203
2 12.9973
3 12.7812
4 12.5717
5 12.3684
6 12.1712
7 11.9796
8 11.7936
9 11.6128
10 11.4371
11 11.2662
12 11.0999
13 10.9381
14 10.7805
15 10.6271
16 10.4776
17 10.3319
18 10.1898
19 10.0513
20 9.91614
21 9.78426
22 9.65553
23 9.52983
24 9.40706
25 9.28713
26 9.16992
27 9.05536
28 8.94335
29 8.83381
30 8.72665
31 8.6218
32 8.5192
33 8.41875
34 8.32041
35 8.22409
36 8.12975
37 8.03732
38 7.94674
39 7.85795
40 7.77092
41 7.68557
42 7.60187
43 7.51977
44 7.43922
45 7.36018
46 7.28261
47 7.20646
48 7.1317
49 7.05829
50 6.9862
51 6.91538
52 6.84581
53 6.77745
54 6.71027
55 6.64424
56 6.57933
57 6.51552
58 6.45277
59 6.39106
60 6.33036
61 6.27065
62 6.21191
63 6.15411
64 6.09723
65 6.04124
66 5.98614
67 5.93188
68 5.87847
69 5.82587
70 5.77407
71 5.72305
72 5.67279
73 5.62328
74 5.57449
75 5.52643
76 5.47905
77 5.43237
78 5.38635
79 5.34098
80 5.29625
81 5.25215
82 5.20866
83 5.16578
84 5.12348
85 5.08176
86 5.0406
87 5
88 4.5
89 3.78261
90 3.23077
91 2.7931
92 2.4375
93 2.14286
94 1.89474
95 1.68293
96 1.5
97 1.34043
98 1.2
99 1.07547
100 0.964286
101 0.864407
102 0.774194
103 0.692308
104 0.617647
105 0.549296
106 0.486486
107 0.428571
108 0.375
109 0.325301
110 0.27907
111 0.235955
112 0.195652
113 0.157895
114 0.122449
115 0.0891089
116 0.0576923
117 0.0280374
118 0
